4468
3843
4293
4628
7839
7828
5075
5316
5506
5042
5182
3320
2531
5887
5627
7702
4931
5397
4424
5444
4767
4327
4978
6482
8998
6477
5474
5142
6607
4856
6443
4297
4097
6218
7386
8737
5226
6438
6576
5742
6801
5649
3750
5808
7609
8715
6807
7526
6485
7190
3334
3141
3121
1914
6799
6349
3360
4587
4171
4211
5891
5460
4983
5397
10290
9434
6463
7441
6869
7044
6462
5184
4039
5469
8799
8124
5859
7627
7112
7048
4791
3911
3626
5399
7789
5400
4548
5578
7065
5455
5745
6446
4072
4823
8605
7637
4825
6999
7819
6048
