7517
5868
5558
5211
5444
6654
6294
5623
4166
6747
4887
4263
3964
1831
2749
3710
5173
3836
2938
4021
6886
6517
5408
5536
4399
5862
7291
4491
5410
4680
8045
5504
5637
6281
4278
5435
6450
5146
3677
4881
8589
7072
7021
6345
4685
7756
6977
7359
4120
5055
6905
5779
4850
3455
5036
6065
5976
6308
3634
5182
6345
4021
4927
5135
3768
4730
5563
3921
3335
4250
7692
5883
6102
5352
4504
6469
7250
5257
4770
6277
6679
4605
5209
4611
3998
5444
5695
4808
3190
5108
7644
5529
6193
4285
4127
5514
7299
5251
3911
5919
