65708
58300
67556
62728
69704
55576
64175
53986
61802
56729
64545
62316
72093
63669
68905
60215
58397
62047
64447
63640
58293
64482
62246
57202
49365
63813
62371
59434
58226
50780
54419
67119
63623
63449
67796
63173
66102
62881
61043
61085
61030
57255
64073
61178
59603
60296
55546
62551
59967
55765
62521
64332
60805
58781
59902
67147
60982
52136
68842
58874
58202
63181
66390
63352
59624
66737
67609
57014
58803
66146
59599
60554
59152
59778
56579
65524
55278
64172
56519
70520
63631
67460
63390
56877
63868
62059
60209
60070
63484
63687
64691
58551
61409
66882
69481
61293
65582
59205
54408
67985
68087
65984
68573
64468
73352
55613
62574
62813
66589
59978
70374
68133
74269
64833
70731
66244
60731
61334
68251
68741
62351
67872
64131
61027
55913
66395
63967
61219
59490
56130
56481
69374
69560
61887
67015
65738
66786
63155
63049
63980
65563
59163
69874
64107
62246
61439
61709
61073
61330
61036
71602
63009
63970
62270
66349
67787
61177
52855
70572
63748
55706
67840
69610
60086
63482
63344
63426
62612
62948
63941
61087
68159
63477
59818
57773
66511
55998
67709
58324
67515
67459
68441
67046
58653
66051
66599
65932
63432
68794
67064
64547
60203
63249
65715
69562
66614
64454
61778
60575
68417
63675
61100
60827
57227
70126
54531
59013
56100
60813
57609
59823
57994
72108
61198
67043
60049
55348
56464
66556
60244
57547
63563
60719
57129
54892
61293
58938
61528
59838
51027
56451
68044
62444
64967
67398
63181
64407
58432
56122
62640
63548
55393
65793
59077
59503
57824
53418
59248
57056
56179
65508
62700
59460
58468
57257
61046
58555
53012
64065
55637
58876
59753
62821
62129
60800
66811
59823
58962
57464
64668
56161
61676
60510
59095
56007
64208
50331
64724
56797
64300
61046
64213
61378
57268
61524
60801
60361
57411
60633
61283
63709
56870
64695
63426
61475
62937
60632
54727
55367
67962
68885
63794
69039
68463
76353
63369
68271
63324
67136
64234
72169
68562
76913
68160
75345
67008
58845
62608
72566
68540
63825
70336
69907
57878
61016
68472
67548
64056
64656
59229
58767
78820
72631
67329
71403
70782
69106
68566
66436
71480
71714
65907
74188
67766
67060
66294
61132
70117
66678
62453
73787
69159
65818
67079
67616
73558
65804
61151
70079
65621
63436
71069
70284
63965
64971
71301
71471
63144
68524
69277
63130
67580
69322
69833
62675
70479
57441
67232
64264
73221
67028
72448
71643
64271
70028
69502
70614
61669
63888
68169
71500
63451
69261
71885
73458
68487
68856
60123
59385
74690
64235
59431
65439
56803
70052
53887
60588
56485
62484
61956
63985
62307
72030
61507
65672
59289
53494
56762
65690
58399
59457
66999
59874
56699
54653
62502
59885
59905
54916
56375
54526
66913
64915
63189
60845
63951
59777
63290
56310
61441
56366
59371
62587
62775
60029
57301
53854
61234
57690
57245
65880
61903
61141
56565
63723
63889
54944
55266
63197
60849
57779
59118
66848
57989
57331
64678
60790
56349
55382
64613
56205
62371
60207
60516
57844
65124
52312
63576
56081
70798
65317
64879
62427
55041
63144
65540
59391
59746
64136
59306
66007
60669
66563
63863
63045
63104
57127
57498
53326
70277
63176
61470
62967
60675
71037
55193
65361
54985
63848
62298
66965
60625
71349
61365
68694
63215
54214
57406
66798
62391
57940
68117
64794
59165
53163
61718
63799
60832
59312
51549
55200
71019
65690
61874
67024
62285
61996
65853
61865
63719
60637
59597
65715
62464
62363
57719
55571
61288
59184
58223
64702
63334
59947
58604
62630
64494
60449
55398
63758
63435
55026
61698
65261
56808
56715
62323
61763
59800
60428
62255
57484
60808
59887
61757
59462
58911
53203
60467
59261
64495
62521
65309
58842
59037
68711
64754
62143
62409
63128
58229
66439
56597
65000
61047
64387
61856
68206
60275
57768
69025
57882
53141
53448
59472
61989
52209
59548
48658
57703
55299
61031
59310
70015
54958
63227
60662
54948
55710
61693
61875
52671
57976
61272
49056
48673
54674
56131
57958
52816
48337
52021
68453
59084
52957
57560
56392
58300
54375
54755
58213
52247
56746
57775
56235
53350
55919
50522
55914
56025
56578
57306
55550
56013
58426
58385
60070
54493
52561
55047
57011
48817
58482
61555
56203
53888
56297
57424
55497
58820
55046
51650
59754
57581
54772
50275
56940
50386
53808
51241
59515
59604
58001
58521
56931
58469
57978
57403
56572
53293
58219
59100
52744
56139
59686
60384
55557
58714
54089
49459
59016
67044
60709
65549
65338
71288
55657
65885
62284
66510
61496
70623
63215
70039
62430
72000
63328
58749
60095
68828
65072
62901
71002
64107
58258
59087
66257
68634
62481
62461
54618
54782
72701
70360
68015
67391
66735
65841
68704
61251
69623
70944
62485
65918
60363
60946
60716
60938
68403
57717
59700
72768
65843
63110
64964
67650
65632
58560
57616
68650
61912
58547
68366
69525
59919
64830
64212
67806
59464
64341
63791
61763
65248
63432
59151
56820
67685
56622
62745
62284
68243
63971
65139
64345
66957
65743
68015
63528
60916
62508
62047
65406
58836
67388
70174
68624
66439
69118
58191
60228
69242
63270
56117
59580
60621
67488
58220
62885
54255
61544
60619
62749
58956
68459
58436
71416
61372
52216
54518
67391
59099
56033
63609
61419
57961
54761
60216
62912
60607
54606
51070
54152
69607
65316
64661
60640
58138
60153
63618
60843
64178
58867
57276
64745
58680
55858
61989
55283
61040
57228
59188
64850
61340
56329
58266
60470
61786
58367
53547
65056
60795
58715
57436
65462
56719
56557
66818
62493
56817
58760
59995
58009
62100
62165
59854
51516
65718
56765
55207
59827
64661
61485
60686
59959
58417
60583
64539
62740
59788
59562
60066
60162
57740
60153
62809
63819
61955
63235
54487
52283
65346
67011
59927
63406
58785
69927
55471
60512
58136
62233
59296
65915
65395
72103
59544
69773
60494
56556
58573
64897
63958
59260
63762
61078
54511
55064
63534
68525
60126
60309
55059
55949
67567
63809
59982
67925
63580
61524
67417
62856
59859
61716
59513
66872
65016
64428
60869
57928
63940
58978
58469
63909
63979
62680
60139
62235
66224
62042
53108
68963
59350
62539
63996
66663
58308
59072
64991
67857
55628
60907
67489
59930
61374
66013
61526
57816
66777
54271
66978
57690
69406
69328
67977
63148
56796
66205
67135
59479
60037
67796
64345
68903
59143
59989
65041
70425
61048
60750
62960
54889
70197
63631
59217
63816
64143
67334
52781
58192
54864
64527
53224
62044
59584
68609
62327
59978
62495
52824
56847
63619
61086
54933
60112
59890
55739
55814
62725
61249
55638
53500
53937
52874
66228
61056
61056
63519
57170
60552
62203
53649
63303
58990
56747
63611
57506
56150
57211
52373
57178
54851
56640
65946
59713
56376
58370
55366
63521
59720
47657
63517
58383
57093
59773
59472
55465
58853
61515
62093
54623
61346
59764
55458
58221
54850
57048
52430
60667
50141
62062
55445
60300
58851
56153
57059
55220
57953
58218
61642
59244
56688
60575
59800
54863
61293
59855
59195
60973
57445
56448
56071
67112
65446
60626
61185
63927
67477
55518
66408
55506
60678
66730
67076
63634
74439
64500
69736
67267
58387
56477
70799
64680
60112
65461
66140
57931
52592
60271
64306
60041
58636
53965
53778
72121
63747
61349
65379
66236
62642
63171
65342
63857
60859
63037
63618
62781
61717
59188
55260
65251
57613
62075
68724
61713
61719
59991
62279
65432
62815
53126
65379
68095
56831
65177
65057
63731
61175
65377
69577
59620
63020
63955
58835
63749
63617
61177
58512
64012
54087
61282
57859
67819
65380
67459
66762
60550
65634
66037
65779
59776
60946
66358
68241
61476
64230
66180
70148
57604
66172
59383
55741
69711
63291
57886
59958
61545
67250
50590
62616
56531
62945
55953
66274
60000
68874
63269
66367
61476
55232
57480
65320
59795
55187
66443
64065
55506
53334
61542
59900
58916
55054
51399
55380
68388
59107
58785
63110
63639
60056
63560
61649
59590
58399
57435
60906
63104
59516
55626
56638
58831
57918
56415
65026
61838
60628
56106
60686
64949
61625
55972
64582
57641
56142
66056
61238
59037
56519
59591
63134
60809
61874
61785
59911
61995
60214
57217
55353
62428
50768
61039
64332
63784
60173
66158
61123
53051
64918
60895
63009
58518
61687
61880
66433
59223
64027
60282
66859
60041
64305
62291
56345
69417
70718
64997
71031
66633
74184
62774
66494
61459
66263
61562
72735
67839
75152
66088
74234
72424
61659
61905
69369
69479
62302
71730
67313
60169
54256
63350
66104
64883
62629
57205
60707
73643
68175
68381
71065
65406
67753
69109
69569
72443
68205
64660
70887
67511
65288
63366
62184
63998
67383
62658
72449
66199
62323
64928
70078
70370
65191
58130
70569
65577
56180
68758
71621
61050
62553
64669
68815
60962
68647
67115
60265
68235
65722
62843
63290
66331
54840
67732
61994
66299
66689
68949
72384
65526
69695
67553
67427
66022
66447
67362
70808
65216
71532
70575
71199
67837
73411
62583
59095
73499
57615
58822
61588
60957
67424
58732
63656
51074
56413
56676
67331
61202
62715
56797
61204
59508
52922
60385
63068
58871
58217
63590
60714
54523
50945
56911
59737
56489
51764
52115
53770
69798
62322
64878
58863
54721
63603
59946
60811
62217
56017
57600
58041
59405
58632
59557
52365
63120
60171
57018
65642
59548
60325
58284
65219
64768
62621
52194
61451
56583
52381
58810
65548
56509
52949
58945
60949
56129
56974
59974
53977
57061
56962
55438
55957
59463
49786
56705
55426
61534
59383
61064
56226
56616
61710
57935
61431
57764
59769
54285
60033
58636
63111
63624
60793
57333
60896
55787
48996
63601
65063
61883
63084
61714
70227
59010
66264
59377
65639
60931
71790
65942
75944
65041
69225
64064
57355
58337
68118
69036
63513
65574
67177
60412
56685
67437
64427
60825
59566
57264
56889
74433
68311
61443
70506
67809
63824
63506
64180
66725
64166
64149
70724
66810
63325
62316
59120
66092
58343
60712
62904
63799
62424
60324
68553
63814
63844
57895
70346
61329
57569
66732
67948
65648
64838
63099
68360
63112
63853
67162
63770
65360
67336
58768
57772
64213
53910
64813
65447
66583
66751
67880
63206
60247
63421
68700
69089
61281
65670
62388
66360
61288
62496
68761
67239
60585
66285
60702
59103
71570
67046
59095
64854
61159
72195
54549
61447
57238
61345
62015
64605
63825
72771
62086
63577
63287
57219
62142
64853
65517
59476
68250
62890
55381
54595
66752
59989
55873
51643
55009
55090
72084
64229
61234
63649
64382
60088
63272
61558
62922
60224
61203
66758
61318
58543
58980
57094
60353
57480
58702
69632
62878
66050
55591
61260
64342
60025
53828
71125
55513
58005
66533
68916
59827
59083
64294
65593
60070
59456
67899
61980
63481
62961
57438
56289
67682
53552
64770
63029
64772
64406
67508
60803
55187
63584
62515
64284
60654
62657
63920
63351
61592
60565
61943
68516
64792
60952
59799
56911
71332
66186
61898
65923
57593
68652
53421
64271
59568
61911
56905
64180
56801
66662
57347
63613
59393
55513
52335
64347
61139
56665
65381
59244
53953
51241
59951
61797
59932
56652
50936
50035
64011
63493
62132
63427
62045
61162
58955
59697
61927
58410
54828
62746
61375
59325
58496
52323
57474
56094
55192
65856
63061
55751
59715
59125
63922
58953
45911
60552
54357
58455
57829
63038
56894
57474
61465
60881
53726
58554
59646
52900
61559
58582
57047
54946
60886
52962
61891
56931
64991
58496
62296
63810
51485
61745
64033
58220
57335
60265
59616
61913
54871
52740
61523
63129
63786
58599
56298
50003
65437
66873
65161
66135
60262
68421
58916
69956
62221
64893
66304
73770
64360
74446
64444
76132
68411
62703
63138
69624
66967
63594
73061
64957
61098
56244
65560
64105
61880
59597
56381
61611
74631
66979
65068
66956
67987
63680
67973
67491
68701
68220
61533
66263
67791
64806
64393
60063
68483
60985
60839
72095
66662
65398
62871
66217
66148
68364
60335
68218
66189
59481
69473
74004
64874
63474
67966
71030
61045
65404
67008
65211
68206
66344
60503
59396
65546
59678
63160
59518
73509
65961
69369
69620
60170
67305
71163
65849
62973
65906
66656
69319
58376
65243
71483
74133
64884
70010
61967
56791
75998
64726
64537
58508
57300
66361
49907
56940
60120
61984
59220
62547
60365
66865
57040
65109
61251
54822
57146
67397
59270
57476
59367
57641
54930
49963
60601
59999
61589
55184
52947
55649
67219
58655
58754
63866
59873
58437
62501
55929
61255
58294
53219
63929
61308
58641
54913
55882
56809
56672
56585
61550
59339
59829
57275
53940
60725
55361
52090
63506
55909
52307
59243
60623
55461
56254
58637
61570
58349
56212
63992
55739
62776
56064
55889
56303
62314
49696
61818
57752
61801
58789
63482
59096
56915
62660
62065
61002
60868
59668
58186
61383
55913
59953
60041
63080
58268
61152
57551
52616
69246
67165
63763
68411
65464
72288
58294
67285
56435
66733
65991
68200
64966
77707
60262
71465
65135
59829
61940
64115
63736
64795
67777
66896
56782
56017
62346
67144
61642
57965
58158
56916
71794
66588
70300
66004
64271
66795
68194
67489
68516
62776
64976
67977
61850
63149
63184
58885
65825
62109
59626
68396
67165
60597
62836
65810
72991
59802
57478
72499
61944
58529
68347
68978
61632
59373
67373
69036
59249
65061
69401
58421
63938
67214
61502
63632
68360
52177
65020
57667
69133
67406
68643
64597
60528
63046
67375
61945
62991
70556
65081
67530
63873
64024
69233
69048
66554
64999
65084
56427
69003
63382
57305
67540
57513
70420
54928
64175
59976
61958
61170
60516
62110
73794
55566
68825
57566
58381
56883
65508
64649
56100
63890
62398
56046
55064
62496
60947
60632
55804
53728
56737
69916
60248
58186
65745
60726
60867
58675
59224
61460
61432
57611
62713
60176
60549
59257
56814
59079
56999
55641
63574
61094
57174
57537
59465
61650
59659
55335
67022
59144
56140
65936
64562
64542
57253
63335
64764
58160
59510
65220
55608
64405
64088
53344
53911
63090
52702
60747
56428
63671
59914
62986
62342
58850
59827
64631
60318
61192
57291
62124
60367
58824
60867
65297
62433
64625
63747
55515
55665
63583
66220
60292
62450
60478
69515
52510
62526
59091
62777
57741
64884
57777
67018
53173
65476
63221
54302
55862
63704
65851
59734
61721
61016
54792
54200
58757
60896
59551
56080
54952
55162
70551
62462
59901
62256
60272
61543
60253
65232
61634
60880
55556
63336
64589
60620
63109
57370
63768
61620
59552
68658
63899
64448
57206
64756
66285
58286
54655
64647
58576
53316
65361
66641
60789
56129
60962
62571
54222
57734
61954
57119
63555
61744
56295
56112
58104
51908
59275
55657
60858
61983
61294
59093
58467
61920
63104
64250
62369
61284
59152
62217
57350
62630
65350
64885
63586
61652
52680
54032
68531
61989
52453
61221
55257
57709
50981
59619
51870
61166
56557
56907
57679
66474
58200
63607
54803
51631
54833
59803
57566
61976
57337
61232
50731
53174
58622
62214
55791
52631
44924
52441
61767
59341
58748
57087
61084
57669
62702
59088
60645
59052
53387
60913
54079
56698
56813
52346
56096
56235
53014
62477
57435
50701
56161
58140
60762
50499
53651
63728
57496
53218
56124
62045
54634
56984
59875
58952
51771
55018
56330
56147
60618
57200
53354
49713
57680
52203
56124
52800
61011
58740
57538
57689
55067
52912
61096
58595
55714
58816
58286
60682
54844
56342
60704
62267
59527
60267
54444
49776
60669
68829
62755
67775
62527
71267
57744
67221
59932
66597
61803
67088
62951
76649
61900
69913
67866
61419
60745
70656
64721
63629
68781
66990
58329
56010
61948
62320
65354
60804
55088
56352
71670
67519
66440
65829
65628
62699
65250
62581
65438
62223
62598
64197
60654
61336
58022
57829
68465
59173
59579
69326
64269
61156
61315
65340
71756
61806
54769
69558
62764
56924
64922
68329
62567
61095
61285
67657
59981
61405
67089
56293
67369
66248
58833
60490
67132
55876
65425
62720
69382
65757
67969
67386
59591
66536
68216
60994
64195
64065
63890
67282
61077
64421
66950
65977
63412
66384
61445
58906
69072
58724
55392
58955
59313
66005
54847
59628
52327
60292
56404
62088
61687
66382
55244
66410
59162
53067
57144
64350
60377
53966
64197
61380
50623
51754
58778
58635
60682
55759
46912
51044
66442
63470
59700
58039
57526
58546
60874
56322
59035
59402
56211
58056
53949
55093
53555
51992
60551
53361
58947
62356
58797
58834
56196
59432
61932
56626
52063
62374
57620
52721
61637
63610
58548
54600
58960
60343
56607
58730
59627
53569
59693
61448
54450
51954
62844
52470
57409
60996
63119
57410
61666
57731
58570
61822
61685
58451
57997
56160
60266
61552
54505
61138
61582
60206
57540
62103
53862
54598
62355
65098
60321
60322
64364
69059
51337
65479
55461
58794
56361
69447
62474
67046
61209
66264
62901
55423
55177
63696
63632
55888
69426
63312
56316
51303
63699
64225
59333
56410
53048
55217
69796
65861
62028
63622
62195
65556
63399
59317
60694
60730
59880
60420
63110
55440
59929
52751
63718
59413
59083
66789
64865
60009
57471
62362
60783
58904
52157
67078
54054
58928
64383
64346
58957
61409
61262
63924
55939
60992
65128
56338
61008
60370
58475
54619
62016
53920
58416
60646
63204
61067
65090
64164
57748
62659
62462
62592
59503
63738
61073
63268
56230
60466
65003
65528
61032
63720
57515
54878
66659
67700
61241
65626
58473
70028
56694
64216
56318
60165
62801
65494
60903
71309
60639
67569
65715
56731
59419
68191
60836
60765
65567
65304
56990
52641
65313
64187
61106
57240
51495
55680
68835
64631
65855
68370
59664
57320
65753
64155
66472
59860
60866
63234
58256
63072
64394
57995
60701
61218
60915
71533
58895
63528
58244
61220
65774
63898
53877
65177
60340
60965
62318
69139
61059
56867
60343
65465
59252
62013
66648
61901
65123
63256
54419
55008
65422
58445
60280
60363
65029
60261
63128
61616
58340
63979
61631
59905
60348
62714
65176
61387
59656
60522
62579
65890
61184
64295
61628
52794
69055
63089
60621
69744
61519
68286
56788
61207
57463
62453
59009
66191
63133
67373
63107
64630
60225
53900
54174
66679
60467
57123
68981
62577
56450
54806
64225
59551
57970
55790
58478
51885
69329
67951
60444
61253
60758
63183
64791
60162
61470
62020
54784
65216
61715
62292
60010
59172
60686
57493
53648
68361
61484
60611
61007
62549
64289
60750
48407
64915
59739
58271
63846
63066
56684
56101
63189
62579
56906
58792
62485
59204
59813
61501
60404
57572
65341
51343
62297
61889
65345
61997
64190
63180
56250
63430
65072
60558
59296
62273
60620
63211
53759
62108
63569
66550
63965
63373
54185
55635
67029
71410
64101
68126
67026
69424
55925
64603
59987
63816
70066
71132
67682
74935
68280
71026
69032
60635
62955
71470
69187
61544
72078
67221
59542
61686
67391
67620
64610
58928
58285
63038
74713
69432
68837
66662
65463
67610
72002
66744
71750
66170
63162
67352
65060
64680
65536
62124
62944
65270
64345
75697
63417
63169
60891
68795
66476
65313
55519
71678
67061
64122
69883
71213
62336
63630
67753
72124
59766
65284
68550
62634
66313
66019
60489
60181
69058
56922
63971
62818
69434
66872
69075
65538
66939
64961
64216
67918
62570
63847
68165
70304
64647
64854
71343
70567
65335
68865
64223
59335
75598
69119
62895
66113
67922
72880
58075
63080
58100
68060
63808
72988
69791
68793
68355
71771
66386
59754
62051
70906
65789
63310
72365
67012
57726
58529
65172
70975
61735
62592
52327
60219
72127
71723
63987
68538
69397
69301
68075
67686
73205
69202
61702
68249
62970
61355
66960
57986
65976
66680
62778
71985
63046
60584
64894
68959
62882
60736
59915
74158
63386
66605
70000
68877
66648
64953
69830
69479
64179
62793
66329
62737
68725
69002
62428
57851
70888
57985
62333
61453
70595
64052
69145
67384
64377
66992
66104
67140
63709
64171
66062
69037
62763
67949
71363
75819
67058
69345
59452
58725
69191
70846
67679
63563
67005
77294
54444
61901
59026
66704
63308
68114
64666
73839
63176
70725
70164
59898
59485
70333
70726
63668
65436
66552
59102
57798
63000
61724
63980
61224
59912
57328
74837
66187
62638
65928
64032
64014
65663
62541
64474
58622
62381
68318
65596
61079
61896
60422
64148
63683
65719
70200
63590
66552
63186
63199
67766
60959
56385
71515
62704
60093
66638
67178
59981
60037
65130
68632
60561
61105
69623
60105
67096
62160
60895
57356
68082
56367
66693
57287
66588
69244
66574
62524
62674
67443
66317
64484
63121
64613
63619
69705
63395
62655
65815
69225
63956
64542
63709
59537
78407
72007
68448
73362
72255
80818
63902
75065
63163
74051
65381
75482
70242
78512
73673
81630
72958
64295
70153
73932
76318
64811
73541
75850
68683
63235
75720
72324
71380
66068
58974
64855
81483
74049
71443
77095
71611
74227
74354
71833
74442
70829
70963
75105
73476
69022
72116
70305
72381
71785
70905
79348
74167
68674
72408
73270
75918
70963
65226
78371
68648
64570
75736
73772
71091
66518
72964
75681
64438
68825
70329
66975
74286
71352
70370
66748
72716
59346
75355
65871
74461
74440
73602
72292
67231
71385
71154
75034
67607
69277
71251
75300
67827
75699
73950
75938
73794
76486
69278
69108
81902
70220
61104
63855
63425
70806
53621
64516
60728
66730
63364
67077
63113
75214
61938
73982
63477
57612
58387
69476
61354
60883
59262
64770
57827
59689
63505
63168
66780
60113
54008
57276
68419
69556
63573
66834
64283
60017
66731
63273
66315
63037
63235
67063
60972
61472
59741
60506
62346
66234
59633
66981
60993
61982
64071
62942
70456
56611
58028
68450
63781
57107
62967
67320
58566
56131
64702
65086
60536
62108
68633
59898
65447
66354
64562
58396
67093
55323
63521
58973
66318
63818
63974
63094
59231
65411
67784
64186
59565
60821
64115
67863
59379
62555
63808
68289
63106
63173
60494
56876
67129
65830
61204
64184
65003
73816
54297
64728
56716
61194
61732
65641
64098
74580
62228
66952
67329
57421
58783
70136
62634
56859
66227
64839
56597
53557
66885
66487
59928
56807
56330
55109
71029
62826
62780
63874
62715
63961
64002
56493
66293
56350
61163
61877
63794
54796
61263
57626
59225
56979
60709
65894
62187
58890
61385
60132
61222
57631
55557
67795
58484
61266
63089
67043
60027
57473
61971
67414
61240
64280
67657
56529
63044
64257
58649
59600
67873
55753
64061
57971
67448
61770
62775
63381
60957
60326
60967
61598
62553
64468
66559
65255
59402
61251
66415
67336
63456
59366
59949
55972
66546
66471
60325
64325
63477
69647
54121
68586
56603
59920
59009
62807
67916
71289
61854
70416
67068
60178
63389
67685
67433
59699
65757
66883
59607
52295
64227
63350
64327
58755
55011
56835
69605
64750
61886
69291
64191
63998
63861
62991
60244
59806
62666
63740
62986
63246
61555
55824
62867
57805
60303
65903
64813
57459
61063
63223
66045
61571
52075
71483
56218
60916
64008
67941
61559
56851
66312
69373
54493
62421
66015
59509
63891
64572
60347
58324
64424
55389
64167
62569
66002
62047
63043
68888
64779
64898
65833
62290
61228
63027
63076
67736
58173
57786
68108
66104
61007
67837
57556
54108
67523
68924
63704
67258
64409
71153
58804
62543
62385
66680
57217
68459
62142
68907
60262
70834
65020
60015
58783
63703
61877
63368
65746
61821
60414
55534
61269
66170
61280
57145
55274
57654
72313
62850
65086
64018
64361
61555
67551
68363
66819
65554
61679
64678
62317
60782
62268
56351
63082
58253
63555
68740
66931
61459
60479
63385
67792
60956
53667
66252
62769
58303
66036
65112
59432
58449
65448
67624
59731
64039
65700
58222
64147
66205
58689
57035
66037
54963
59263
58978
68320
63148
63137
61902
59679
65640
68805
65572
64239
65430
62298
67646
63013
66447
64656
69738
66245
66062
62623
52469
71691
65738
58891
67578
64223
72096
57689
65335
59547
71435
64265
68831
65509
73367
63467
70195
65682
57924
61894
65977
64125
62185
67013
69896
56293
59319
68858
65083
59668
61993
53860
57136
74684
69106
66019
67250
65051
64245
70082
65226
66960
64295
62070
68206
63438
60976
61791
59097
64486
60707
63959
68358
67706
64858
59053
67267
70280
61430
62557
70892
61351
62657
68380
68720
64770
60191
66883
66566
61093
62685
67840
62432
63993
62674
62015
59423
65146
56621
64383
59497
69952
66337
66270
60821
58894
66995
66787
67004
66894
61760
64224
71078
61999
71447
67769
72978
68289
66599
63250
56846
74177
68650
67400
72433
64718
78567
58252
67744
61957
64974
73348
72983
68797
79682
66358
76821
68736
57888
66529
77545
71050
61510
73174
73493
62737
60194
69886
70577
66399
62028
60114
62362
77421
70336
64868
72784
68879
67576
72076
67582
70743
65246
61119
70329
72264
69164
68614
64880
63300
65857
62290
73207
66966
68776
63528
69868
68663
67889
63843
70454
68599
63873
70842
75369
64998
61537
71087
72183
65833
64265
71900
63867
69500
70961
69800
62252
68644
61936
66503
62244
70427
66588
69891
65282
68294
71504
70219
70233
65091
68619
66073
72078
62236
72067
69764
72777
69043
71123
62647
61833
72858
67131
62895
66936
58213
69464
55534
61112
55574
63070
59120
63939
64533
70555
56597
67053
62746
58946
59361
69546
62926
59654
65359
65147
55177
52760
62403
64499
60198
56687
53524
54469
69894
63869
60489
65802
63516
62186
62497
62353
62634
57919
59378
62839
64551
59108
59842
55120
58832
57257
58943
64335
62685
54853
60165
63331
62089
58552
52760
66468
56425
56219
61675
63701
59317
56911
61214
62148
58975
61919
64456
55647
62857
68726
57453
58569
64349
55235
65445
61537
66889
64051
63554
64745
60320
66348
66944
62536
58408
60918
61037
65640
54291
63372
62625
69770
63733
62109
56643
54459
65274
65388
65168
66958
61248
74077
55107
62578
62342
64624
61656
66695
61321
75560
62528
70710
66264
63112
61015
67079
65992
60684
65753
67224
62638
56334
66031
65423
60229
57651
58402
60183
71178
63270
63754
69407
66443
64700
66507
65631
64824
58711
64332
63566
68918
64113
66238
59017
65624
61868
59228
70982
66435
61107
60371
66494
65548
64740
58197
68786
61607
61446
67916
69067
64063
56800
65684
66012
61054
58488
66336
61661
63832
67006
59467
56452
65697
59572
63544
60863
70047
64294
65289
62568
59177
65570
62861
68633
61513
67463
66166
65653
65362
65632
65612
69817
67217
66683
61993
58050
74054
60178
56952
60635
53916
64853
52433
58382
57588
57065
59223
63364
59154
68527
55313
62112
61287
52418
51864
61362
58821
53121
66317
58133
53698
49384
60817
58867
56360
53479
53994
52370
63999
63761
61333
58778
54436
56781
58559
55794
59285
55344
52726
61916
56673
53237
55169
54431
52503
51660
58633
67132
59972
55625
54231
61415
57827
57415
47450
60426
55717
52197
57528
61088
58358
54824
59261
57353
53638
54805
58202
50386
60370
54529
50926
50238
60288
50929
58411
54212
62165
55359
63715
59160
51285
60577
60784
58476
58582
59648
62699
59469
55981
55827
62478
60322
59955
56922
56819
54022
65425
67642
62992
67018
67095
72657
54546
67332
60610
66142
67351
71694
64652
69694
61876
65582
64621
59896
60551
65205
67980
65906
69224
65390
59971
59630
67775
63971
58135
57059
60030
56146
75008
67644
64187
67665
66633
67279
64867
65787
67205
65098
61427
69876
68683
61645
61094
62897
64203
62250
61336
74007
67880
65777
61747
68883
66693
64768
57135
71458
62492
61800
75294
68491
61301
63347
64371
69835
57437
64693
64869
62545
65474
60671
56896
58707
64703
54390
64266
62240
70019
65383
69284
64222
63196
65777
67811
67239
63189
64848
66999
66978
60533
67840
71197
72023
65862
66044
58284
58142
76350
60855
60375
63897
61703
68477
57882
63835
56919
62663
60162
67420
61964
72050
66065
71762
66540
56992
58573
67864
62267
60192
68405
65684
57911
51027
64818
64087
57797
56758
50847
56979
70088
63327
65342
61773
62122
64489
62876
60043
65226
60979
57635
61555
62385
56539
62485
52549
63104
59871
59444
68402
63788
61852
57171
64685
62216
62897
52618
68888
60472
58814
64164
69627
60692
59889
65994
65669
60263
58157
64885
58559
65227
62733
60873
55118
63959
53785
61948
59359
67842
62896
66374
65329
57441
60327
62723
60461
61748
61961
64557
63307
59420
66557
63784
69260
64126
66329
61025
53807
64653
58534
53261
58622
51717
62460
49590
59366
51899
56299
55136
60716
55769
64508
56312
58713
54347
53644
52271
59926
55687
52784
60292
55318
46412
45345
56945
56093
52560
54418
46697
49748
60954
57250
58798
56469
54500
58013
56171
51763
58597
56296
50695
59112
51704
51844
52156
54266
48776
49025
54180
58719
57964
54817
52128
57472
55327
51947
49185
57462
53902
50646
58075
58418
52814
56568
57089
57136
52319
55073
56354
51932
57994
55995
50309
50704
60506
48441
54401
52215
59888
55962
58554
57560
51589
56198
56749
53105
59857
51309
56229
59726
50782
56091
64558
60854
55909
57275
54000
48100
62561
62072
59177
62278
57671
73470
55553
64645
64146
63475
61833
68472
59801
71959
61564
68334
64934
57154
58471
67488
63899
59660
63191
62117
57593
53972
61461
60835
57762
55238
55762
54155
69151
64604
65030
69324
59600
57570
60664
60092
65381
63232
60387
67504
63464
58204
60002
56970
62682
56467
59836
71447
63797
65020
58910
67329
63399
64612
52263
66032
57087
56380
68268
70846
61566
59785
57984
64170
55541
59346
62262
56931
65628
59460
57016
54569
60557
55348
64374
62176
63163
60522
66671
61039
55030
66081
64908
62903
60285
61484
61765
61684
62637
65761
66505
67253
60575
61813
59815
57680
72121
76491
70700
77558
72669
85518
61099
73745
68379
75155
71732
75069
73758
87058
74789
81626
76449
67803
70143
81388
72218
67617
73874
72641
69431
59277
77268
74371
70937
66637
64076
64246
80331
75844
74420
76174
72516
71026
76389
69896
75711
73542
68026
78078
69536
66578
71689
70721
71531
65251
72105
78597
74719
70409
70024
73019
71319
69389
64920
78561
67882
68088
76905
74530
72735
65680
68965
79913
69320
67085
78681
65456
74412
73307
71436
68495
76166
64123
74713
72772
76114
72469
73237
71294
67865
74946
73950
72172
73745
72055
73295
76193
71011
73139
77965
77059
72625
76376
69068
67264
83481
70468
72889
73149
66271
79208
60379
66312
65887
70972
72088
68169
70204
82795
68883
78472
72540
67566
65098
79911
69525
70060
71028
72679
65032
64484
69732
69656
68749
62528
62857
62392
78400
71307
66473
72163
75798
71446
75474
68674
73039
68456
63521
71119
67246
69791
66142
62629
68227
69500
67374
77299
68925
66704
63606
70799
70738
67287
64192
73388
68043
64892
70932
76960
70345
65723
72714
72492
67714
66770
74327
67324
70456
71574
67002
63294
72355
58396
72449
68052
71358
73621
72093
69166
67461
69706
71670
73757
68933
64545
68688
72396
69844
68759
72831
74898
72128
72736
66258
64179
75565
62896
59257
61094
62277
68225
55262
65243
54671
62574
57215
65252
60306
67582
61299
62738
58770
52578
53854
64768
59883
59585
63661
59887
58333
54390
63207
62664
59293
58743
53012
54976
64570
68805
63312
67530
65068
63680
58190
61084
61953
63916
59536
67119
64539
58524
59781
57156
57527
56283
56664
64833
62387
57966
58268
64089
60346
55913
50692
67376
56546
61485
61903
59384
63201
60283
65087
61584
60302
56920
64159
61012
58024
62718
55761
54417
64627
52247
60517
62600
63602
59955
66488
60684
58118
61637
61914
61285
55301
58982
62686
65281
58974
55990
63106
66039
58805
58134
57516
55545
70356
66700
59870
64587
60035
70060
53799
62358
57087
65628
64050
68492
60207
72212
62087
67407
59835
57492
60315
68447
64371
58859
61611
65481
57177
52309
65940
62970
61381
59353
54135
56392
69002
64073
60775
67619
61543
62378
59653
61695
69766
61012
59868
63711
64042
61614
61142
59977
61986
58673
57353
65200
60167
60811
60245
63308
64454
60526
55662
66014
59844
57686
65848
65794
59733
60188
66500
66925
56957
62253
64929
58132
64745
63489
59261
56354
64347
51726
63100
58442
64033
65212
62845
59240
58172
62874
64072
60221
58602
58944
60881
64170
56718
63744
63210
69420
62897
60336
56087
56776
70220
68908
64259
68886
65630
75468
59260
65769
58490
65494
61601
68456
69813
73100
65349
74089
67845
57792
61331
70036
68210
60717
72872
66591
60117
56984
65307
72032
65652
60307
56807
56435
75840
70325
61594
69499
65605
69371
68919
64676
68735
65265
63732
68695
63745
60925
63427
60069
66136
67288
62254
70012
66715
65443
65386
64783
66354
61118
55157
69715
62711
65597
66034
68856
65643
60407
68375
69255
60554
67168
68184
58823
66966
66474
64527
58218
67430
57491
65512
63233
72438
66986
69228
67842
64141
67747
65028
69678
65199
67342
69605
69687
62562
66399
69402
70658
66940
68874
57616
61734
71961
64092
60757
61153
57151
66389
54491
54093
58949
62693
57343
67305
57542
68369
57309
66119
59853
51927
51461
61242
56509
55484
64383
57155
55722
53337
59970
57883
60060
58544
50510
53004
67387
69681
59476
59753
60728
59654
60972
57314
62330
63657
52811
62426
56466
56088
56884
53584
59265
57219
54931
63601
58323
63035
59594
64130
60615
54065
52774
58564
59181
53094
60369
60926
57925
56026
61547
55392
58760
57414
59804
51579
63059
56732
56158
54031
59248
53025
59726
57946
60058
58492
63562
56200
56908
59180
60129
60111
58100
59386
59386
61975
51403
60125
64521
61456
62196
61275
53720
56428
66967
60093
57850
60893
61483
68130
51275
63704
56009
62651
60078
64678
60537
67253
58702
69755
60058
52882
58680
70154
61590
54389
63379
64952
52431
52063
62279
58531
60244
56662
53942
54310
66988
62824
57605
62394
59322
62376
59984
60229
59480
56275
58164
59592
62081
60035
58731
54340
59925
53898
58273
61249
60341
64088
59181
61015
61514
56924
54101
66115
59543
57786
63722
68199
60664
52431
62606
61932
57475
59027
65708
55768
63187
61276
58768
55521
61692
52685
60183
57784
63530
59287
57588
59306
63779
61135
63180
55866
58894
59568
57874
65856
53576
61741
62868
63300
62160
60872
52432
55057
64321
71606
70478
71674
66806
77967
57705
68337
65410
69847
68262
71973
69851
77717
66021
75660
70629
60596
59762
72349
70241
62349
73270
68604
61229
59647
68429
66358
68238
62480
59477
63026
75873
70005
68625
71675
67936
66352
69392
64811
72010
65910
62244
69720
72354
68140
61590
62589
66473
65845
64952
76315
68162
69137
63981
71187
73013
65154
55417
72721
66303
63374
68051
72077
60621
62549
67668
70745
66725
68727
72067
58014
73646
65338
63109
65576
69722
58122
68755
62915
73575
69204
70629
69239
67860
72778
66655
67121
64432
68559
65986
74843
63106
72922
71774
71533
67973
70626
64798
60814
73487
65567
58597
62226
59862
67575
52068
62840
53185
59154
56809
63185
57753
69240
61396
63867
63305
57134
55152
65022
59518
54322
68576
59344
54191
49666
61598
60308
59783
54886
52586
55514
66332
61611
59799
61377
61261
60852
62417
57851
64076
58681
55254
63461
59759
55503
57675
54547
58924
57461
52295
62738
59928
55957
56494
60359
56434
59180
53115
64840
55623
56429
60130
60364
58687
56518
64476
63014
57871
58347
61411
57109
60223
62662
57810
54795
63049
50852
56891
59757
66191
57300
63504
62150
53792
63624
61670
59930
61225
59289
59794
62529
54820
58993
65710
66280
60557
65012
52714
57329
63577
65541
63581
65959
61721
68763
51547
64203
58157
62277
59047
67876
62922
68437
62165
66257
61455
56405
66279
64473
66308
60874
69089
61003
55539
54848
63327
65298
57744
55032
48371
58584
64576
66177
64929
61507
59743
63091
63346
61120
63766
63658
57635
61827
59845
61825
61307
56042
55970
61979
57808
68102
64067
59852
59304
63480
62451
65097
49827
69816
56742
56806
61113
71763
56868
55960
63576
62790
55498
58445
61055
61728
63065
56762
59254
53267
64795
54579
63365
59141
62927
57191
63453
63131
56856
60920
63814
60153
63666
62588
62350
67233
57553
63580
63657
70414
64395
62537
61002
52006
70621
70289
65713
67892
67427
73270
56427
68722
62625
62364
66625
69913
65161
75015
64518
69749
67954
61175
60007
70529
67827
61396
68696
68455
61380
57156
68901
67945
67308
57912
60644
61698
76035
69415
63846
70465
66985
68852
69807
66787
69902
66997
65231
69826
69206
66740
66587
59420
65363
65761
62640
71918
67173
62716
63725
63574
68502
65774
54766
69999
64088
61197
67529
68554
66107
61234
66916
71745
61338
64247
71199
63867
62967
66072
63668
59209
65677
54663
64301
64095
69491
65586
73097
68183
61100
65042
68344
68307
61767
66978
70935
67582
61780
63762
68831
70456
63456
66646
62239
59842
68866
65672
61889
63833
58638
67276
54790
62744
61484
63390
63585
67483
64200
71793
58376
69580
59513
60130
57983
66821
63084
59864
64744
62550
54817
55291
61017
64438
62349
58085
52815
59505
68658
63858
62383
68638
64191
61262
60106
61246
63337
60573
61507
64639
61894
63713
57340
57251
58821
58357
61237
64655
63633
60695
59463
61651
62208
60069
58190
67952
61439
56211
62939
69193
62971
57480
67233
63734
58409
59323
67663
55096
66251
65586
58839
53889
66672
55589
63058
54995
66572
65141
64919
63943
62233
62176
65782
62718
59374
60294
61145
67203
62974
65871
63267
67044
62530
66086
58731
55548
70246
59128
55512
56032
59438
64754
49122
57214
48202
56143
53832
60094
62883
63860
53604
62513
57755
52594
54743
62131
58301
50510
56824
55629
48309
48320
59699
56235
58362
53459
51854
52585
64777
61052
57359
61809
54423
61418
57350
55378
56885
55710
56091
57642
64091
54754
54075
49058
58764
62858
52630
58031
54649
55888
57003
57981
59760
56118
47817
58291
55142
52839
58222
57133
54753
48475
58601
59035
49558
59252
58084
50702
57096
55842
53820
53326
52204
46815
59055
53406
61276
60763
59526
57957
56010
64003
56526
60616
53833
55377
59038
61977
51241
56748
60181
63286
53183
55599
49523
50890
62803
69241
63540
65505
67441
72823
61812
68623
59758
65326
64146
69919
69826
74114
72616
72622
68569
54448
65186
71329
68923
59285
71116
69379
63059
59130
67989
69875
62901
61801
56720
57361
73256
71439
66465
70219
66874
68916
66856
65484
69697
64719
63432
69316
66007
68353
66104
59013
65322
58624
64266
69231
67234
58266
63632
66843
69460
66776
55152
72372
60592
63694
68294
69709
63618
62063
69920
68704
62333
66197
69101
63307
65470
64142
67785
62417
73470
56183
68775
65726
66654
61831
65787
70511
66244
63709
69502
64430
62832
66678
65123
71076
58757
66051
68926
67656
66875
68616
61233
58773
73294
67712
64418
69973
65660
75145
57797
69283
56280
64618
62436
72975
64139
73315
60835
74606
61766
59473
61560
68602
62759
60697
72297
66370
60386
54482
64432
64774
64635
60242
58743
58701
74394
72494
66281
65676
66157
64860
67246
70054
61872
66415
66134
65998
62252
63432
66052
58113
66638
68069
62112
74116
67183
64396
63605
71867
67379
64329
56024
68722
63174
57781
71279
73759
60907
54081
65938
69550
60977
61250
70593
59289
69464
69200
64469
59842
67409
55949
64590
67262
66532
66466
70713
65095
64563
65751
70550
59927
62164
67263
63580
70627
61847
66174
71258
69976
65356
67701
59846
58201
70634
63714
62902
62953
61905
75079
53193
62519
60864
61902
62534
65983
64285
72632
64741
70321
64919
54396
58801
68126
66613
58476
67934
63601
57147
56257
60891
58102
58585
55902
57279
55069
69027
65457
63748
66048
64652
63182
61928
57263
64124
58227
60460
62006
65617
62813
56456
54877
59262
57446
57871
68920
63541
60770
56991
64584
66605
60545
53745
66271
59686
53453
66857
69193
55704
56403
61691
64723
58647
64010
64273
57678
65709
57431
57613
60514
64320
53440
64717
59161
66282
62778
63850
67113
62461
62084
64733
62769
57943
64202
60302
68588
58348
67434
64532
67088
63319
64578
59798
56215
70568
65353
57463
59364
59019
67948
53799
63115
53884
59702
59190
66287
64363
64280
61564
64914
62737
55678
57937
65400
60048
54808
67937
59504
52539
53025
56620
62676
56670
55881
54019
50765
67351
63874
60360
63399
62453
63068
59534
59460
62389
57243
59730
59242
57264
59042
56981
53891
63181
55550
59250
65066
63334
61675
59057
60236
60791
53208
50897
60452
55562
56996
61385
66668
57626
53976
63591
60148
56046
61564
65178
52881
62408
55870
60330
60844
66050
50441
62243
52604
70400
58968
61090
62768
58690
58442
61213
53361
58655
63491
58850
65028
55759
60473
64616
64555
61620
59131
55473
53248
63964
65614
60740
64566
61398
68927
53482
59219
58303
65629
64234
66579
62372
71011
66541
66672
61110
59422
55286
67994
57423
59998
64654
64799
53613
55464
64498
62578
59092
56591
54113
51009
69984
61392
60972
64767
64119
65868
66893
58941
64242
58497
59285
62384
59288
59185
56223
56801
61061
57924
59108
63862
61237
59715
60034
59092
64009
57753
52875
66967
63416
54833
61726
65182
60708
60095
65557
65867
57968
64256
66092
58817
60842
63067
58675
56754
63600
49081
64315
60036
66442
64922
63371
60927
60999
62456
66313
61286
59720
57220
64922
66269
52803
66149
64694
68622
61681
63789
59078
57418
68526
59335
59636
62287
60228
61152
50139
61538
53170
61970
57806
63092
63943
66404
57535
61398
57760
54967
59656
60048
58544
57143
66239
60341
50034
52716
64759
59956
58280
57872
51779
51607
67319
61709
60546
61325
60923
62277
63281
53919
61314
60092
54547
61752
58819
56109
51847
55627
55855
55467
58667
64484
60917
55994
57280
60572
63520
57465
50431
67851
57811
54955
61279
63121
57024
57313
62509
62145
55040
60186
59759
55019
62251
61319
53402
55808
62163
45865
61505
56291
62903
60877
61889
61575
59439
62494
62939
60956
60702
56904
61551
65103
51453
63702
64674
70536
60631
58898
57052
53111
67222
66014
58582
65571
61741
72721
51394
62854
55251
63335
62054
62082
59625
75061
61558
66529
64356
60352
58174
66017
66335
62069
66212
69599
53004
57274
61594
60024
59681
54811
56413
57164
72134
63387
63917
63487
63811
65080
64743
61402
64363
58769
62166
64284
58670
62649
60647
55582
59533
59047
56516
66566
60695
57401
57672
59715
67740
59969
54010
70201
59349
57480
62313
64339
59687
62509
64443
65067
59404
58941
66335
60514
61635
62801
54681
54990
67587
51440
60365
60137
64018
62878
63718
62311
61118
57199
62681
61919
59401
62789
64486
64325
61244
62883
67036
62719
59859
64162
60330
57137
67256
64097
58437
61363
56703
64023
48297
60810
54934
61855
56602
65359
56291
66455
57171
62010
61473
59849
49017
67366
58391
55390
63247
62307
53256
49099
53825
57715
55088
51312
55556
52626
67399
58589
59419
57146
59092
63055
61545
60061
61604
52767
56543
55969
60567
54611
57813
50631
63828
54323
55586
60687
58791
56544
55173
60701
61548
57541
48041
64704
57443
56602
60396
63551
59822
58694
56341
62375
54430
59616
62377
54303
57028
59041
52050
52881
59173
50521
59858
57544
64307
62556
61347
59575
52198
60476
59762
57720
55881
61770
57345
59303
56077
60425
66600
63049
56242
59355
56690
51231
62679
59682
55798
62262
59281
65478
51594
58627
51491
61062
54278
62576
58257
67115
53193
62569
58309
55132
57711
63874
59311
52680
60199
60165
53780
50130
59395
55921
56135
53060
50713
54434
68437
61850
55683
59211
59031
58606
58717
56341
59267
60178
52942
61304
57786
54387
58621
52560
53194
57636
55548
63074
58093
55122
54451
57869
55747
55393
54577
64750
54055
54370
62878
61436
57144
55924
56563
58767
56857
53615
61317
53222
59862
56277
54281
51692
57236
49651
55237
57058
59867
60006
59365
58050
55356
54803
56134
59923
56767
59740
59470
57190
55689
59180
62069
62582
61828
60220
53407
51774
63096
70798
63363
71583
65602
74526
62420
69523
64864
67764
64065
70965
68043
77423
72335
76812
67268
62996
64806
76404
62194
62606
69725
70155
62488
62708
67207
70514
65536
64652
58008
60161
75804
69314
72527
73991
68885
69843
69471
67767
65745
66059
62607
67295
65368
64949
65429
59236
66785
63655
64682
74726
70113
65636
64756
64870
73221
68342
55577
70844
67213
67128
67094
71682
68490
65075
70450
70934
63295
63895
71537
59406
67874
67668
66911
58525
69381
60582
66857
60957
74381
69093
69503
68031
63513
68927
68925
67537
65443
65554
71310
74688
64576
68246
72008
70867
66518
69633
64671
57250
76405
64444
57922
66264
59871
72591
55576
61777
56282
64023
58250
63934
61506
73452
61909
65768
61233
56572
61108
64402
67178
57120
64685
64549
54116
57416
62378
58694
57878
55480
53994
57673
66049
65935
60863
64842
62855
62218
63326
59290
62510
58221
59921
66652
63822
62082
63367
55061
59882
59803
55890
65899
61497
56765
60770
62842
68713
61110
54931
63696
59616
51051
62027
66029
56186
57835
63657
64468
56063
56865
60801
61302
58186
62703
57773
55922
62831
54196
63546
56273
61354
61990
57897
61940
56090
62922
65223
59951
61489
57633
60041
63315
55090
63037
64166
64640
63107
60731
54429
54153
71272
64808
60728
68895
62964
75206
58460
62078
59963
64639
62873
74408
63018
69426
62511
67303
61909
58806
63109
67973
65901
57845
69191
64293
55376
55814
64837
63961
57756
60409
55710
56950
70198
68844
64790
66762
60378
63681
64026
62168
67078
60856
60437
61565
64422
61873
58784
56259
65024
62157
59881
66976
63404
61917
63458
64019
65941
62967
53321
64232
63933
56209
67252
67443
61960
55456
62801
69412
55648
59581
64691
59026
63849
61861
60210
57578
65385
54521
62331
58397
69014
62295
64476
62878
60335
69340
67232
60088
63851
61635
60298
70160
59000
66401
65806
69734
66373
58975
61921
53828
73171
72794
63829
67223
65419
71577
59956
63546
60583
67813
64958
70250
66862
74853
65533
67563
69112
61066
63085
73016
63593
60594
69183
68901
58166
60137
67830
67615
58781
60358
60833
59964
70184
68651
69671
68618
64577
71030
66271
69510
66891
62289
61958
67886
65832
66813
64411
58896
67406
64730
60189
69453
62632
63977
65762
63869
70674
65865
56479
71951
65147
64083
67134
68359
65026
61508
68834
65895
60089
66390
66929
63368
64526
64681
59132
59092
66798
55174
65844
58346
69698
67540
64090
65796
62256
66714
63980
68562
65270
67272
69294
69800
63208
66869
69842
68628
71239
61793
62756
56854
70555
68288
63575
68680
63520
75471
58091
63600
58703
67705
60464
71543
65761
74329
62492
68449
60619
59068
60758
67062
66965
59169
71600
66808
57414
55425
67653
66298
64641
60049
61121
60348
72175
68549
67230
66914
58955
67811
64779
64558
65373
61228
63687
65054
66950
64419
64074
57915
63964
62418
60439
70904
64735
62065
61951
67217
67063
62458
53484
70474
61059
59640
67275
67760
65357
62229
66425
66270
60903
61561
65712
60464
66891
65726
56734
60028
69216
55888
62620
61999
68944
67139
71751
64239
63251
70302
65048
64472
63903
66499
65938
67313
65109
65115
69447
68018
66129
62805
66112
59488
70820
64442
63514
62080
66156
74007
52898
62624
55435
66593
59097
65478
58480
74526
57780
67095
62894
55463
56920
62059
64918
59858
66196
63681
52730
56262
63264
61133
59658
56415
52382
52973
73228
65684
64150
64229
65206
62880
62975
61191
62217
60943
58592
68456
62282
60644
57806
56572
60923
64403
56025
66674
64372
61586
59208
62383
68613
57233
58563
63095
56750
57820
62225
66478
55969
57873
64452
64281
58289
59319
60817
56827
65798
57826
60447
54826
61638
54329
61384
59046
64729
67196
66095
61946
58400
63355
59879
65106
61798
64449
61682
65889
64078
62498
63739
65752
66661
61444
60450
55831
73825
68852
55381
60317
57897
68712
53720
58735
56724
63060
54456
63159
54108
64955
60022
62717
57668
54637
53436
62546
60236
56588
62544
58339
53880
51625
57656
58344
55219
55033
48663
53817
62759
59304
62233
61057
59470
61154
56506
56822
63432
55541
56279
60263
59419
56113
57734
54873
54657
57847
58207
59183
56914
57739
56958
57218
60180
52946
52763
64541
58301
53617
62004
62437
56306
60038
63063
60786
53767
61106
59612
58669
59801
56627
50900
50421
63874
50177
61158
52154
62277
61903
60886
57939
55153
57752
59422
57121
56395
57345
60087
61027
56850
63008
62700
61116
61455
58322
57540
52491
68165
60987
63981
63671
61825
70739
53160
61820
58751
62237
66007
68297
67184
71428
62715
65456
64811
60647
61706
65774
63407
62286
66973
61151
57230
55086
65592
66407
60091
56616
55270
54920
67788
62630
61841
65862
64370
68285
63934
60756
64328
65069
55540
64255
62246
58202
56374
58611
62759
57651
57856
67663
61421
62639
63031
65922
61497
62292
55828
66825
62085
58352
68077
65991
64473
60494
66334
64450
57436
62630
59354
56988
63536
61791
58345
58151
61032
51892
64643
58223
65712
62990
65693
61928
56732
65961
67084
66594
63984
64501
62216
62460
61959
63115
67930
69638
62959
63976
56214
57751
68604
69638
64688
68373
65329
75826
61141
66568
64441
63179
62885
70909
67674
71869
66531
76372
64396
62377
60072
70843
63814
59888
69478
67367
59933
62501
64014
63571
65103
60453
58918
62688
74397
69353
66422
70882
66726
65199
67030
68715
66050
62817
64533
69874
66743
68848
62221
58205
63608
62826
61268
68013
68273
66029
63808
64536
71637
73072
58373
69411
63356
63640
67613
68009
60739
61830
67271
69746
61677
66755
70693
62226
66137
66375
63398
58519
69392
56167
65292
65052
67549
66196
70760
69923
58093
67929
71870
66335
62899
65215
66041
71651
63163
64797
67374
71492
65883
69055
63027
57501
74050
63502
64141
64860
61777
69952
58416
62824
56773
59337
58339
64213
64765
72270
57203
70945
61874
56098
56104
64113
59004
56927
68519
60383
54572
55631
59270
61656
58797
57677
51534
54283
67544
65944
64997
62973
64076
65300
62594
61203
65692
61938
57849
62183
58029
58232
56804
51363
58072
61435
61320
66782
63889
57251
58940
63763
66256
58051
55288
65150
60624
55353
65199
69120
60231
57164
63847
58985
59105
63448
63397
52974
65918
59558
57130
55676
63135
52821
63635
56614
66363
60505
66298
66124
61209
61998
64486
62330
61821
62532
60432
67653
56440
61203
66344
62541
66247
64619
57365
55533
63246
64301
66629
63272
62835
69963
55487
59963
57732
65395
63188
66127
64004
74394
64332
67147
66378
60600
60576
68591
63808
62234
66941
64209
56162
54985
66078
63049
58212
60380
57841
56800
68827
63917
69849
68497
64065
66089
64506
57483
72306
59015
61157
66052
65874
64126
63689
59282
66016
61358
63244
67644
65419
64399
63639
66450
67657
62752
55498
69288
61539
61109
66663
70346
61216
62162
64878
65206
57004
61213
64195
61850
64264
62068
60834
56347
69160
52142
65028
56362
66721
67464
64150
66745
61663
67789
65903
62521
63015
63395
64743
66593
59433
67856
66836
68881
65509
66134
59523
55018
71828
67837
65315
71290
60878
72728
59605
65425
60919
66421
65136
69529
66422
77662
65384
69259
66259
57845
62648
71952
64535
63627
68950
67806
60183
58557
65624
68449
61964
60682
54900
56954
72853
66607
63243
66540
68538
63008
66446
62867
67973
63676
57885
68242
61992
64575
63369
61153
65752
60901
63701
72908
63781
63537
61492
66008
65067
62131
60365
69756
64256
61343
65682
70207
64718
63836
68021
69494
64932
60288
70302
59635
66809
69528
64795
58861
69645
55293
63522
59525
69921
68410
67418
65430
60536
64455
70058
64207
62786
67350
62977
65445
63478
62607
68216
66406
67529
66967
59517
57139
71721
64738
63353
62787
59122
65300
54975
58577
53611
61291
61650
64622
63262
71467
61067
68340
65871
59663
55922
62926
58744
57611
64498
60735
55224
54159
61334
60160
60501
57271
51006
56452
63007
62844
64227
63146
58450
65326
62914
59260
64875
56065
58090
66804
60024
59266
58612
58519
57268
60695
58415
64572
60410
58248
60539
66279
62661
61359
48918
67909
59730
58342
59235
64388
57827
60317
63030
60244
56284
60875
60296
57265
62023
61068
55623
53629
62018
49660
60087
60708
63660
62094
63526
66357
58680
63144
64742
61428
62654
59739
60974
63049
59319
58692
64868
62548
64822
64063
59769
52188
65683
61097
55215
63624
58692
63086
51739
58406
52178
56666
57429
58466
60252
69018
62593
65619
59217
53900
55567
63235
58231
53063
59686
58444
55033
51955
58207
57767
59131
55069
49410
55334
60823
62381
57459
65306
60782
57219
62654
55275
61782
59105
54481
63721
55315
62386
58802
52773
55076
50440
52801
59738
56505
53614
56196
55199
63276
59357
50005
61744
60988
53690
54751
61375
59043
52961
62338
61770
55988
61565
64328
58436
55619
59052
55978
54221
66244
51015
60859
56389
65040
56269
61917
60970
53855
56063
59239
57669
55276
56905
58685
61668
56742
54282
60788
60000
55522
63101
57534
53032
62987
68480
66773
68681
59246
72527
56642
65339
56244
61770
62749
68206
62259
73247
65107
71542
60461
57270
60517
66922
65476
62850
71026
63728
62306
57676
64567
65148
59861
57433
55078
57048
67732
65879
62155
68145
62069
63616
62620
63476
68729
61414
61005
66614
63413
60559
64362
60070
55180
60756
63447
71061
61804
60072
60254
67033
60317
63516
55592
70696
62655
59848
66465
71584
64787
61609
66571
67677
62726
64725
65931
63133
63963
64956
54320
54553
69531
57234
62964
58762
67642
63888
68055
65213
57603
63686
67128
62919
58369
63757
64181
63050
62742
62171
66489
69274
65574
62610
63760
58872
69271
67517
58876
62505
60986
69966
54934
63909
52538
57091
62279
64960
62833
73487
60436
64513
65074
56560
60327
68625
60826
55370
65253
64386
53995
54234
60986
61518
61051
54920
53599
54759
67389
62395
61964
67065
63512
62852
59487
63607
64117
56783
60057
61097
60514
60473
59339
53532
60126
59552
56280
63999
59753
58469
58645
62758
67951
59246
54894
65399
60195
57750
64512
69881
62444
56628
62750
65482
59402
60583
67268
56716
64943
63795
57184
57483
68609
51485
63953
58148
67595
59178
65719
66262
57504
63074
66676
57713
60425
62317
59921
64942
61931
62258
65577
63069
61653
58571
57249
54585
62996
72532
58079
63961
63805
71494
59384
62211
61354
68652
61913
71681
62943
72934
65323
70020
62084
58258
61712
69543
62891
59586
67786
65625
54561
58528
62351
63694
64481
56377
56978
56997
74120
67512
64690
64889
59802
67859
62154
62025
68397
58486
62479
63865
64234
61019
61584
55869
63596
63643
57915
67303
62466
62878
62813
64069
65686
61668
56963
66067
59439
56846
65179
67078
58950
59958
69129
68113
56070
65752
65032
59357
64870
64960
61311
58103
66978
53135
64552
61724
66545
68126
65888
63016
59396
65318
65120
65451
62996
57900
63967
63542
56664
68861
65842
69177
66090
63389
57709
58084
70979
61266
53213
54421
57029
63141
45986
56096
47641
52625
56151
59192
59528
57218
56258
60273
54475
50580
52520
59810
57228
53685
56708
55967
49948
47690
53891
56929
55748
48964
47062
51058
61997
57815
54326
62546
54989
57965
59077
56577
57496
55830
52791
60376
54522
53358
57804
48947
52823
54589
52937
61010
53288
58087
53679
52689
54926
53943
46383
62445
53913
49789
56887
59193
54183
53993
56656
57905
48355
57396
59566
54461
57573
51020
49496
50300
56448
47692
55541
51095
55183
53946
57907
53278
52068
56060
57311
56787
55865
56855
55098
52670
49428
52951
57523
61600
51229
59138
52491
53102
59856
61597
56313
62656
54141
67050
51731
55086
56299
56061
59292
62361
57190
68365
57084
62902
58822
57015
47792
66426
55367
50572
60756
59245
51005
51057
58369
54270
56349
53542
49377
52815
62121
62953
59001
59667
56705
61680
56140
52571
62628
58857
52655
57101
54875
53496
55587
52769
53403
54818
51273
58652
56369
55762
55685
60139
55631
54614
48740
61420
59495
53369
60033
63097
57388
58389
57040
57901
53942
58077
58261
52305
59690
56965
53827
50811
57882
51271
57877
57317
62797
59730
63525
57836
51498
58068
62205
58260
54357
53715
58183
56491
52703
59899
59944
58824
59126
60713
53832
52733
58994
63651
54398
61529
54283
64431
49057
58477
53421
55871
57276
62995
56775
63924
60830
61825
57825
50496
54924
64651
60614
54897
63941
61387
55013
47474
61171
59434
60346
55420
51082
51597
62755
59977
57479
63255
56654
60705
58672
52810
59406
55683
51067
62108
57982
56403
59499
56076
52046
53778
54383
61240
53961
56791
55969
59238
58417
56518
48235
64180
55164
54493
55852
62533
57526
58814
57643
60769
51854
57586
61227
55502
61370
58606
51109
54146
59543
49910
60224
55559
58543
59331
63619
58958
55962
55262
55498
57304
54495
60364
59685
58986
55160
52618
64389
61062
56983
58162
57834
49575
62493
66869
59037
69545
63171
70846
55516
57871
59287
64873
58013
65128
63750
68719
61828
69149
62988
57221
64169
69089
64227
57516
63751
65333
57104
56753
64359
64112
64809
57159
54407
59699
70403
65669
61298
64974
59142
64963
67593
61893
64937
63310
56941
64005
63195
59968
60473
58015
60294
62102
56656
66303
61266
65422
63677
61491
68528
62299
54036
65104
61883
57314
58644
61283
58167
57219
64212
64965
59963
62586
65243
60492
60362
62473
59435
55430
65701
54241
62160
59888
63535
63450
64887
61109
58528
65558
59666
66378
60517
57852
64903
63832
57809
63626
62504
65688
63396
64630
56489
58102
68453
69402
57226
60983
63599
72635
56092
61560
61123
63390
62971
68752
61113
72614
60917
69204
64825
54997
59876
66738
62419
61165
65275
66039
60754
56999
65054
67330
65085
59623
56783
56005
70713
70482
61201
68655
65216
63503
61954
61422
65037
64101
60400
67750
60420
62067
60798
62345
64091
61547
61093
69887
62068
64350
62395
64611
66980
58659
56519
66778
59963
55794
62755
65726
60002
60472
67352
65312
57413
63528
66594
61496
65464
65028
61390
56504
68448
54324
62446
58587
61872
64386
65060
58444
62908
62594
63871
66260
61872
62427
61708
65579
61133
63643
65396
65277
64268
60882
59314
58339
70149
59856
59294
57298
57570
63170
51133
57568
55616
59931
56178
60751
61318
65445
59255
62191
60326
53649
55951
63959
55827
51799
62433
58503
52735
52806
56844
58188
54513
52299
53834
53314
62556
62391
58863
58867
57264
59959
62227
53117
57538
52635
54706
60518
58018
59996
51612
51162
58610
52121
55522
61389
60342
60088
56280
59968
60514
57079
48149
64189
54176
57803
59267
63224
56303
54546
58960
58089
56871
60058
59219
57913
56618
55558
54182
51658
61456
54775
57826
58062
63453
57232
60949
61207
57180
61980
57366
58442
57516
57916
60317
60921
51714
58594
62672
64656
60083
61604
56062
54142
63562
70530
65216
66509
67483
77967
60072
62858
61319
63324
62948
67463
66777
76533
67476
71525
68496
64131
65737
71343
69874
62430
66325
64365
64860
57130
66853
67418
62287
64117
55750
61548
71846
69221
66684
69422
69072
67941
66836
64375
70540
65599
63602
69035
64366
65532
65125
60248
66637
63762
60888
69196
65570
60356
66129
67100
64562
61514
59934
71195
62630
64167
69386
69469
65774
62167
74453
71673
59025
61411
66308
66509
64635
67697
65423
59235
75083
58136
65524
62328
69014
68288
64724
70658
62191
66517
68885
67203
67672
67545
66226
69467
64343
62758
68671
71050
70092
66260
62345
59884
74335
68945
65873
69527
68545
75431
57776
69903
57354
64189
65899
72432
68136
73513
65563
73417
72063
62682
64943
73941
68118
58362
69930
67546
61063
55584
70554
65773
66199
60608
59223
63532
72521
71014
66945
67845
68853
66668
67975
70403
67499
67463
63996
68780
70581
69275
65908
60115
66307
66501
66866
74910
65225
67823
63536
71764
70620
72119
53089
71554
66544
61421
71979
72279
66661
61714
63519
72670
60419
66012
68205
62810
71780
66415
61400
61529
64727
57939
69967
64175
71069
65660
73751
70272
65066
70391
69733
65554
65947
67663
68442
75066
66127
66543
71230
74808
64899
67841
65641
57886
75065
69031
66092
70983
62868
75640
56830
61387
65696
67579
68160
69870
64948
78026
69390
72824
67532
63035
62030
71997
65457
60469
70457
67221
62176
60520
69578
69045
61383
58412
59988
63256
73068
67508
65249
67604
67037
68236
70214
63527
70321
64765
58964
66208
66300
68338
62502
60806
62654
60577
61206
70336
64704
62657
62391
66767
64072
68725
60683
69782
65081
61827
67038
68859
64388
63202
67827
68392
64082
65684
67703
65567
67133
64811
60614
59164
69427
59289
68661
61975
71057
65132
69910
66398
62182
62349
64217
69970
64476
63597
67268
68840
61710
70562
71750
69739
69526
70101
64140
60306
73681
63663
57396
66356
61800
66371
53968
61060
57610
63258
59546
65620
60373
72027
57296
65154
61675
56074
54448
66654
61358
53603
63350
59446
57076
52720
59746
57559
60174
58047
58345
56189
66274
63699
59105
60801
62493
61029
61251
58723
63465
63992
52668
66346
64472
55547
54238
55913
58773
54621
55994
63936
59444
57833
57261
60635
66205
59565
50011
65870
64978
56450
63950
63738
56961
64811
62541
63137
58360
62380
62174
54819
61948
60553
56656
58966
65182
50852
61329
56028
65173
61660
65845
61850
54285
62335
62932
60846
61052
59865
63496
60385
58150
58937
69794
66592
60998
59064
50943
54855
68558
66106
66364
68143
66944
70991
57634
68136
62161
67872
66692
71123
68547
77249
64587
73298
68374
62995
63690
67395
70087
66376
71770
70477
58775
56384
68716
67487
65535
65317
56906
62367
72517
69863
67390
67272
68284
68106
70336
62437
67578
63459
61669
72452
63625
64535
62297
65792
63757
62322
62849
73301
69432
65051
64496
65541
70650
64024
57518
75754
61394
61906
61037
69725
61170
64715
73330
70595
62316
67045
68043
69053
69173
68990
64866
62002
74485
57614
66132
62470
69592
70074
71256
70889
61491
66716
68256
69828
68169
66863
68759
72446
63526
66884
67634
79031
69295
68567
63376
56124
74759
70985
63488
64867
64850
71729
54876
69337
62963
65259
63674
70529
64007
74158
65202
69788
62555
57966
64141
71263
69403
62480
66165
65722
61577
56259
67416
70123
65030
60732
56478
59233
68209
70774
63640
71098
67530
65450
63455
63627
67981
68710
60272
66460
62654
58578
60917
55974
63646
62161
61761
69512
65503
62326
62763
64650
62051
64306
58938
72446
63244
59541
68786
71743
66038
59766
66858
73168
59352
62360
69444
60435
69824
63202
61133
55093
67198
55386
64005
62190
65862
63172
68009
64466
63018
61062
68896
66384
60737
64255
65177
68718
64292
62201
71559
68881
63306
63173
60583
58438
71394
67394
65082
62819
59355
70175
57205
62546
58666
63549
66212
65558
65839
72620
63555
71389
64526
57244
56100
68391
66110
61207
65426
64676
55232
54894
59462
63680
62003
58970
53698
58369
68633
65948
62269
67061
65704
62987
65000
66445
67229
59993
59799
65567
66075
63759
61672
53402
58833
61236
60769
67505
59051
62935
58477
64100
65250
60707
52255
69803
64507
55925
63183
69371
63031
60522
64903
62046
60021
64884
66365
59064
69006
64028
55787
54782
65168
54000
62932
57964
64053
64461
66808
64372
63419
62883
68763
65387
61955
66182
63808
67796
58766
63397
65434
64930
61229
65613
62253
56140
68709
66559
64317
66144
62710
72601
50373
61884
59782
63079
62100
64808
62065
74758
56877
73294
64395
58278
58713
67153
63982
58653
66333
65626
52715
57423
62746
62875
66505
61571
56200
60946
69348
70289
64395
63186
63186
65814
64827
60593
65112
62669
60533
63447
61059
59082
60046
56168
60047
62543
57452
69353
63767
62448
63659
65807
66341
57747
57050
65074
63177
55398
62885
67904
61697
55525
64098
63787
59655
61778
64252
55876
68249
64427
58046
59994
64781
55545
64693
55120
68801
59698
66999
61494
62291
64283
65573
62446
62450
60588
62256
67504
58002
65259
67897
70290
67327
60949
61256
59110
66756
64313
69958
68650
65847
78130
61388
64032
60980
67609
64565
67577
71636
79136
67506
75279
67912
61341
68479
72563
67802
63249
69074
67749
62455
57183
68592
69031
64258
61270
59253
61315
74552
66888
65173
69406
67409
71210
72057
62597
66418
65402
60204
73177
66799
64605
61258
62004
62416
63405
64432
68377
67031
63204
67160
63396
69314
65572
54597
73503
65040
62236
66315
68472
63006
63894
70659
68805
66524
64726
67047
62612
65649
66307
65242
60844
71258
53687
69817
62209
67884
66113
69285
70435
64635
71236
67475
68442
68162
68024
69851
68040
62507
65725
69238
68204
68242
66373
64218
62425
75796
